Q2 = [1 0; 0 -3; 0 0; 0 0]
erg = Q2 * (([2; 2; 4; 6] - (1/6).*[54; 18; 18; 18]) * [2; 2; 4; 6])
